51,5
51,4
51,3
51,2
51,1
51,0
50,5
50,4
50,3
50,2
50,1
50,0
49,5
49,4
49,3
49,2
49,1
49,0
0,483
0,482
0,481
0,480
0,479
0,478
0,477
0,476
0,475
0,474
0,473
0,472
48,5
48,4
48,3
48,2
0,471
0,243
48,1
48,0
0,470
0,469
0,468
0,467
0,466
0,465
0,464
0,463
0,462
0,461
0,460
47,5
47,4
47,3
47,2
47,1
47,0
0,459
0,458
0,457
0,456
0,455
0,454
0,453
0,452
0,451
0,450
46,5
46,4
46,3
46,2
46,1
46,0
0,278
45,5
45,4
45,3
45,2
45,1
45,0
44,5
44,4
44,3
44,2
44,1
44,0
42,40
0,449
0,386
43,3
43,2
0,9
43,1
43,0
42,39
40,2
40,5
40,4
42,38
42,37
42,36
42,35
0,273
0,270
10,134
10,28
10,184
10,224
10,262
10,282
10,8
10,210
11,6
8,8
8,12
8,15
8,13
